[] STI
[(1, 1)] ST
[(1, 2)] TI
[(1, 1), (1, 2)] T
[(1, 3)] TI
[(1, 1), (1, 3)] T
[(1, 2), (1, 3)] TI
[(1, 1), (1, 2), (1, 3)] T
[(2, 1)] TI
[(1, 1), (2, 1)] T
[(1, 2), (2, 1)] SI
[(1, 1), (1, 2), (2, 1)] S
[(1, 3), (2, 1)] I
[(1, 1), (1, 3), (2, 1)] 
[(1, 2), (1, 3), (2, 1)] I
[(1, 1), (1, 2), (1, 3), (2, 1)] 
[(2, 2)] ST
[(1, 1), (2, 2)] ST
[(1, 2), (2, 2)] T
[(1, 1), (1, 2), (2, 2)] T
[(1, 3), (2, 2)] T
[(1, 1), (1, 3), (2, 2)] T
[(1, 2), (1, 3), (2, 2)] T
[(1, 1), (1, 2), (1, 3), (2, 2)] T
[(2, 1), (2, 2)] T
[(1, 1), (2, 1), (2, 2)] T
[(1, 2), (2, 1), (2, 2)] S
[(1, 1), (1, 2), (2, 1), (2, 2)] ST
[(1, 3), (2, 1), (2, 2)] 
[(1, 1), (1, 3), (2, 1), (2, 2)] 
[(1, 2), (1, 3), (2, 1), (2, 2)] 
[(1, 1), (1, 2), (1, 3), (2, 1), (2, 2)] 
[(2, 3)] TI
[(1, 1), (2, 3)] T
[(1, 2), (2, 3)] I
[(1, 1), (1, 2), (2, 3)] 
[(1, 3), (2, 3)] TI
[(1, 1), (1, 3), (2, 3)] T
[(1, 2), (1, 3), (2, 3)] TI
[(1, 1), (1, 2), (1, 3), (2, 3)] T
[(2, 1), (2, 3)] TI
[(1, 1), (2, 1), (2, 3)] T
[(1, 2), (2, 1), (2, 3)] I
[(1, 1), (1, 2), (2, 1), (2, 3)] 
[(1, 3), (2, 1), (2, 3)] TI
[(1, 1), (1, 3), (2, 1), (2, 3)] T
[(1, 2), (1, 3), (2, 1), (2, 3)] I
[(1, 1), (1, 2), (1, 3), (2, 1), (2, 3)] 
[(2, 2), (2, 3)] T
[(1, 1), (2, 2), (2, 3)] T
[(1, 2), (2, 2), (2, 3)] 
[(1, 1), (1, 2), (2, 2), (2, 3)] 
[(1, 3), (2, 2), (2, 3)] T
[(1, 1), (1, 3), (2, 2), (2, 3)] T
[(1, 2), (1, 3), (2, 2), (2, 3)] T
[(1, 1), (1, 2), (1, 3), (2, 2), (2, 3)] T
[(2, 1), (2, 2), (2, 3)] T
[(1, 1), (2, 1), (2, 2), (2, 3)] T
[(1, 2), (2, 1), (2, 2), (2, 3)] 
[(1, 1), (1, 2), (2, 1), (2, 2), (2, 3)] 
[(1, 3), (2, 1), (2, 2), (2, 3)] T
[(1, 1), (1, 3), (2, 1), (2, 2), (2, 3)] T
[(1, 2), (1, 3), (2, 1), (2, 2), (2, 3)] 
[(1, 1), (1, 2), (1, 3), (2, 1), (2, 2), (2, 3)] T
[(3, 1)] TI
[(1, 1), (3, 1)] T
[(1, 2), (3, 1)] I
[(1, 1), (1, 2), (3, 1)] 
[(1, 3), (3, 1)] SI
[(1, 1), (1, 3), (3, 1)] S
[(1, 2), (1, 3), (3, 1)] I
[(1, 1), (1, 2), (1, 3), (3, 1)] 
[(2, 1), (3, 1)] TI
[(1, 1), (2, 1), (3, 1)] FuT
[(1, 2), (2, 1), (3, 1)] FuI
[(1, 1), (1, 2), (2, 1), (3, 1)] 
[(1, 3), (2, 1), (3, 1)] FuI
[(1, 1), (1, 3), (2, 1), (3, 1)] 
[(1, 2), (1, 3), (2, 1), (3, 1)] SI
[(1, 1), (1, 2), (1, 3), (2, 1), (3, 1)] S
[(2, 2), (3, 1)] T
[(1, 1), (2, 2), (3, 1)] FuT
[(1, 2), (2, 2), (3, 1)] Fu
[(1, 1), (1, 2), (2, 2), (3, 1)] 
[(1, 3), (2, 2), (3, 1)] FuFiFsFbS
[(1, 1), (1, 3), (2, 2), (3, 1)] S
[(1, 2), (1, 3), (2, 2), (3, 1)] 
[(1, 1), (1, 2), (1, 3), (2, 2), (3, 1)] 
[(2, 1), (2, 2), (3, 1)] T
[(1, 1), (2, 1), (2, 2), (3, 1)] T
[(1, 2), (2, 1), (2, 2), (3, 1)] 
[(1, 1), (1, 2), (2, 1), (2, 2), (3, 1)] 
[(1, 3), (2, 1), (2, 2), (3, 1)] 
[(1, 1), (1, 3), (2, 1), (2, 2), (3, 1)] 
[(1, 2), (1, 3), (2, 1), (2, 2), (3, 1)] S
[(1, 1), (1, 2), (1, 3), (2, 1), (2, 2), (3, 1)] S
[(2, 3), (3, 1)] I
[(1, 1), (2, 3), (3, 1)] Fu
[(1, 2), (2, 3), (3, 1)] FuFiFsFbI
[(1, 1), (1, 2), (2, 3), (3, 1)] 
[(1, 3), (2, 3), (3, 1)] FuI
[(1, 1), (1, 3), (2, 3), (3, 1)] 
[(1, 2), (1, 3), (2, 3), (3, 1)] I
[(1, 1), (1, 2), (1, 3), (2, 3), (3, 1)] 
[(2, 1), (2, 3), (3, 1)] TI
[(1, 1), (2, 1), (2, 3), (3, 1)] T
[(1, 2), (2, 1), (2, 3), (3, 1)] I
[(1, 1), (1, 2), (2, 1), (2, 3), (3, 1)] 
[(1, 3), (2, 1), (2, 3), (3, 1)] I
[(1, 1), (1, 3), (2, 1), (2, 3), (3, 1)] 
[(1, 2), (1, 3), (2, 1), (2, 3), (3, 1)] I
[(1, 1), (1, 2), (1, 3), (2, 1), (2, 3), (3, 1)] 
[(2, 2), (2, 3), (3, 1)] 
[(1, 1), (2, 2), (2, 3), (3, 1)] 
[(1, 2), (2, 2), (2, 3), (3, 1)] 
[(1, 1), (1, 2), (2, 2), (2, 3), (3, 1)] 
[(1, 3), (2, 2), (2, 3), (3, 1)] 
[(1, 1), (1, 3), (2, 2), (2, 3), (3, 1)] 
[(1, 2), (1, 3), (2, 2), (2, 3), (3, 1)] 
[(1, 1), (1, 2), (1, 3), (2, 2), (2, 3), (3, 1)] 
[(2, 1), (2, 2), (2, 3), (3, 1)] T
[(1, 1), (2, 1), (2, 2), (2, 3), (3, 1)] T
[(1, 2), (2, 1), (2, 2), (2, 3), (3, 1)] 
[(1, 1), (1, 2), (2, 1), (2, 2), (2, 3), (3, 1)] 
[(1, 3), (2, 1), (2, 2), (2, 3), (3, 1)] 
[(1, 1), (1, 3), (2, 1), (2, 2), (2, 3), (3, 1)] 
[(1, 2), (1, 3), (2, 1), (2, 2), (2, 3), (3, 1)] 
[(1, 1), (1, 2), (1, 3), (2, 1), (2, 2), (2, 3), (3, 1)] 
[(3, 2)] TI
[(1, 1), (3, 2)] T
[(1, 2), (3, 2)] TI
[(1, 1), (1, 2), (3, 2)] T
[(1, 3), (3, 2)] I
[(1, 1), (1, 3), (3, 2)] 
[(1, 2), (1, 3), (3, 2)] TI
[(1, 1), (1, 2), (1, 3), (3, 2)] T
[(2, 1), (3, 2)] I
[(1, 1), (2, 1), (3, 2)] Fu
[(1, 2), (2, 1), (3, 2)] FuI
[(1, 1), (1, 2), (2, 1), (3, 2)] 
[(1, 3), (2, 1), (3, 2)] FuFiFsFbI
[(1, 1), (1, 3), (2, 1), (3, 2)] 
[(1, 2), (1, 3), (2, 1), (3, 2)] I
[(1, 1), (1, 2), (1, 3), (2, 1), (3, 2)] 
[(2, 2), (3, 2)] T
[(1, 1), (2, 2), (3, 2)] FuT
[(1, 2), (2, 2), (3, 2)] FuT
[(1, 1), (1, 2), (2, 2), (3, 2)] T
[(1, 3), (2, 2), (3, 2)] Fu
[(1, 1), (1, 3), (2, 2), (3, 2)] 
[(1, 2), (1, 3), (2, 2), (3, 2)] T
[(1, 1), (1, 2), (1, 3), (2, 2), (3, 2)] T
[(2, 1), (2, 2), (3, 2)] 
[(1, 1), (2, 1), (2, 2), (3, 2)] 
[(1, 2), (2, 1), (2, 2), (3, 2)] 
[(1, 1), (1, 2), (2, 1), (2, 2), (3, 2)] 
[(1, 3), (2, 1), (2, 2), (3, 2)] 
[(1, 1), (1, 3), (2, 1), (2, 2), (3, 2)] 
[(1, 2), (1, 3), (2, 1), (2, 2), (3, 2)] 
[(1, 1), (1, 2), (1, 3), (2, 1), (2, 2), (3, 2)] 
[(2, 3), (3, 2)] SI
[(1, 1), (2, 3), (3, 2)] FuFiFsFbS
[(1, 2), (2, 3), (3, 2)] FuI
[(1, 1), (1, 2), (2, 3), (3, 2)] 
[(1, 3), (2, 3), (3, 2)] FuI
[(1, 1), (1, 3), (2, 3), (3, 2)] 
[(1, 2), (1, 3), (2, 3), (3, 2)] I
[(1, 1), (1, 2), (1, 3), (2, 3), (3, 2)] 
[(2, 1), (2, 3), (3, 2)] I
[(1, 1), (2, 1), (2, 3), (3, 2)] 
[(1, 2), (2, 1), (2, 3), (3, 2)] SI
[(1, 1), (1, 2), (2, 1), (2, 3), (3, 2)] S
[(1, 3), (2, 1), (2, 3), (3, 2)] I
[(1, 1), (1, 3), (2, 1), (2, 3), (3, 2)] 
[(1, 2), (1, 3), (2, 1), (2, 3), (3, 2)] I
[(1, 1), (1, 2), (1, 3), (2, 1), (2, 3), (3, 2)] 
[(2, 2), (2, 3), (3, 2)] S
[(1, 1), (2, 2), (2, 3), (3, 2)] S
[(1, 2), (2, 2), (2, 3), (3, 2)] 
[(1, 1), (1, 2), (2, 2), (2, 3), (3, 2)] 
[(1, 3), (2, 2), (2, 3), (3, 2)] 
[(1, 1), (1, 3), (2, 2), (2, 3), (3, 2)] 
[(1, 2), (1, 3), (2, 2), (2, 3), (3, 2)] 
[(1, 1), (1, 2), (1, 3), (2, 2), (2, 3), (3, 2)] 
[(2, 1), (2, 2), (2, 3), (3, 2)] 
[(1, 1), (2, 1), (2, 2), (2, 3), (3, 2)] 
[(1, 2), (2, 1), (2, 2), (2, 3), (3, 2)] S
[(1, 1), (1, 2), (2, 1), (2, 2), (2, 3), (3, 2)] S
[(1, 3), (2, 1), (2, 2), (2, 3), (3, 2)] 
[(1, 1), (1, 3), (2, 1), (2, 2), (2, 3), (3, 2)] 
[(1, 2), (1, 3), (2, 1), (2, 2), (2, 3), (3, 2)] 
[(1, 1), (1, 2), (1, 3), (2, 1), (2, 2), (2, 3), (3, 2)] 
[(3, 1), (3, 2)] TI
[(1, 1), (3, 1), (3, 2)] T
[(1, 2), (3, 1), (3, 2)] TI
[(1, 1), (1, 2), (3, 1), (3, 2)] T
[(1, 3), (3, 1), (3, 2)] I
[(1, 1), (1, 3), (3, 1), (3, 2)] 
[(1, 2), (1, 3), (3, 1), (3, 2)] I
[(1, 1), (1, 2), (1, 3), (3, 1), (3, 2)] 
[(2, 1), (3, 1), (3, 2)] TI
[(1, 1), (2, 1), (3, 1), (3, 2)] T
[(1, 2), (2, 1), (3, 1), (3, 2)] I
[(1, 1), (1, 2), (2, 1), (3, 1), (3, 2)] 
[(1, 3), (2, 1), (3, 1), (3, 2)] I
[(1, 1), (1, 3), (2, 1), (3, 1), (3, 2)] 
[(1, 2), (1, 3), (2, 1), (3, 1), (3, 2)] I
[(1, 1), (1, 2), (1, 3), (2, 1), (3, 1), (3, 2)] 
[(2, 2), (3, 1), (3, 2)] T
[(1, 1), (2, 2), (3, 1), (3, 2)] T
[(1, 2), (2, 2), (3, 1), (3, 2)] T
[(1, 1), (1, 2), (2, 2), (3, 1), (3, 2)] T
[(1, 3), (2, 2), (3, 1), (3, 2)] 
[(1, 1), (1, 3), (2, 2), (3, 1), (3, 2)] 
[(1, 2), (1, 3), (2, 2), (3, 1), (3, 2)] 
[(1, 1), (1, 2), (1, 3), (2, 2), (3, 1), (3, 2)] 
[(2, 1), (2, 2), (3, 1), (3, 2)] T
[(1, 1), (2, 1), (2, 2), (3, 1), (3, 2)] T
[(1, 2), (2, 1), (2, 2), (3, 1), (3, 2)] 
[(1, 1), (1, 2), (2, 1), (2, 2), (3, 1), (3, 2)] T
[(1, 3), (2, 1), (2, 2), (3, 1), (3, 2)] 
[(1, 1), (1, 3), (2, 1), (2, 2), (3, 1), (3, 2)] 
[(1, 2), (1, 3), (2, 1), (2, 2), (3, 1), (3, 2)] 
[(1, 1), (1, 2), (1, 3), (2, 1), (2, 2), (3, 1), (3, 2)] 
[(2, 3), (3, 1), (3, 2)] I
[(1, 1), (2, 3), (3, 1), (3, 2)] 
[(1, 2), (2, 3), (3, 1), (3, 2)] I
[(1, 1), (1, 2), (2, 3), (3, 1), (3, 2)] 
[(1, 3), (2, 3), (3, 1), (3, 2)] SI
[(1, 1), (1, 3), (2, 3), (3, 1), (3, 2)] S
[(1, 2), (1, 3), (2, 3), (3, 1), (3, 2)] I
[(1, 1), (1, 2), (1, 3), (2, 3), (3, 1), (3, 2)] 
[(2, 1), (2, 3), (3, 1), (3, 2)] I
[(1, 1), (2, 1), (2, 3), (3, 1), (3, 2)] 
[(1, 2), (2, 1), (2, 3), (3, 1), (3, 2)] I
[(1, 1), (1, 2), (2, 1), (2, 3), (3, 1), (3, 2)] 
[(1, 3), (2, 1), (2, 3), (3, 1), (3, 2)] I
[(1, 1), (1, 3), (2, 1), (2, 3), (3, 1), (3, 2)] 
[(1, 2), (1, 3), (2, 1), (2, 3), (3, 1), (3, 2)] SI
[(1, 1), (1, 2), (1, 3), (2, 1), (2, 3), (3, 1), (3, 2)] S
[(2, 2), (2, 3), (3, 1), (3, 2)] 
[(1, 1), (2, 2), (2, 3), (3, 1), (3, 2)] 
[(1, 2), (2, 2), (2, 3), (3, 1), (3, 2)] 
[(1, 1), (1, 2), (2, 2), (2, 3), (3, 1), (3, 2)] 
[(1, 3), (2, 2), (2, 3), (3, 1), (3, 2)] S
[(1, 1), (1, 3), (2, 2), (2, 3), (3, 1), (3, 2)] S
[(1, 2), (1, 3), (2, 2), (2, 3), (3, 1), (3, 2)] 
[(1, 1), (1, 2), (1, 3), (2, 2), (2, 3), (3, 1), (3, 2)] 
[(2, 1), (2, 2), (2, 3), (3, 1), (3, 2)] 
[(1, 1), (2, 1), (2, 2), (2, 3), (3, 1), (3, 2)] 
[(1, 2), (2, 1), (2, 2), (2, 3), (3, 1), (3, 2)] 
[(1, 1), (1, 2), (2, 1), (2, 2), (2, 3), (3, 1), (3, 2)] 
[(1, 3), (2, 1), (2, 2), (2, 3), (3, 1), (3, 2)] 
[(1, 1), (1, 3), (2, 1), (2, 2), (2, 3), (3, 1), (3, 2)] 
[(1, 2), (1, 3), (2, 1), (2, 2), (2, 3), (3, 1), (3, 2)] S
[(1, 1), (1, 2), (1, 3), (2, 1), (2, 2), (2, 3), (3, 1), (3, 2)] S
[(3, 3)] ST
[(1, 1), (3, 3)] ST
[(1, 2), (3, 3)] T
[(1, 1), (1, 2), (3, 3)] T
[(1, 3), (3, 3)] T
[(1, 1), (1, 3), (3, 3)] T
[(1, 2), (1, 3), (3, 3)] T
[(1, 1), (1, 2), (1, 3), (3, 3)] T
[(2, 1), (3, 3)] T
[(1, 1), (2, 1), (3, 3)] FuT
[(1, 2), (2, 1), (3, 3)] FuFiFsFbS
[(1, 1), (1, 2), (2, 1), (3, 3)] S
[(1, 3), (2, 1), (3, 3)] Fu
[(1, 1), (1, 3), (2, 1), (3, 3)] 
[(1, 2), (1, 3), (2, 1), (3, 3)] 
[(1, 1), (1, 2), (1, 3), (2, 1), (3, 3)] 
[(2, 2), (3, 3)] ST
[(1, 1), (2, 2), (3, 3)] FuFiFsFbSRTE
[(1, 2), (2, 2), (3, 3)] FuT
[(1, 1), (1, 2), (2, 2), (3, 3)] RT
[(1, 3), (2, 2), (3, 3)] FuT
[(1, 1), (1, 3), (2, 2), (3, 3)] RT
[(1, 2), (1, 3), (2, 2), (3, 3)] T
[(1, 1), (1, 2), (1, 3), (2, 2), (3, 3)] RT
[(2, 1), (2, 2), (3, 3)] T
[(1, 1), (2, 1), (2, 2), (3, 3)] RT
[(1, 2), (2, 1), (2, 2), (3, 3)] S
[(1, 1), (1, 2), (2, 1), (2, 2), (3, 3)] SRTE
[(1, 3), (2, 1), (2, 2), (3, 3)] 
[(1, 1), (1, 3), (2, 1), (2, 2), (3, 3)] R
[(1, 2), (1, 3), (2, 1), (2, 2), (3, 3)] 
[(1, 1), (1, 2), (1, 3), (2, 1), (2, 2), (3, 3)] R
[(2, 3), (3, 3)] T
[(1, 1), (2, 3), (3, 3)] FuT
[(1, 2), (2, 3), (3, 3)] Fu
[(1, 1), (1, 2), (2, 3), (3, 3)] 
[(1, 3), (2, 3), (3, 3)] FuT
[(1, 1), (1, 3), (2, 3), (3, 3)] T
[(1, 2), (1, 3), (2, 3), (3, 3)] T
[(1, 1), (1, 2), (1, 3), (2, 3), (3, 3)] T
[(2, 1), (2, 3), (3, 3)] T
[(1, 1), (2, 1), (2, 3), (3, 3)] T
[(1, 2), (2, 1), (2, 3), (3, 3)] 
[(1, 1), (1, 2), (2, 1), (2, 3), (3, 3)] 
[(1, 3), (2, 1), (2, 3), (3, 3)] T
[(1, 1), (1, 3), (2, 1), (2, 3), (3, 3)] T
[(1, 2), (1, 3), (2, 1), (2, 3), (3, 3)] 
[(1, 1), (1, 2), (1, 3), (2, 1), (2, 3), (3, 3)] 
[(2, 2), (2, 3), (3, 3)] T
[(1, 1), (2, 2), (2, 3), (3, 3)] RT
[(1, 2), (2, 2), (2, 3), (3, 3)] 
[(1, 1), (1, 2), (2, 2), (2, 3), (3, 3)] R
[(1, 3), (2, 2), (2, 3), (3, 3)] T
[(1, 1), (1, 3), (2, 2), (2, 3), (3, 3)] RT
[(1, 2), (1, 3), (2, 2), (2, 3), (3, 3)] T
[(1, 1), (1, 2), (1, 3), (2, 2), (2, 3), (3, 3)] RT
[(2, 1), (2, 2), (2, 3), (3, 3)] T
[(1, 1), (2, 1), (2, 2), (2, 3), (3, 3)] RT
[(1, 2), (2, 1), (2, 2), (2, 3), (3, 3)] 
[(1, 1), (1, 2), (2, 1), (2, 2), (2, 3), (3, 3)] R
[(1, 3), (2, 1), (2, 2), (2, 3), (3, 3)] T
[(1, 1), (1, 3), (2, 1), (2, 2), (2, 3), (3, 3)] RT
[(1, 2), (1, 3), (2, 1), (2, 2), (2, 3), (3, 3)] 
[(1, 1), (1, 2), (1, 3), (2, 1), (2, 2), (2, 3), (3, 3)] RT
[(3, 1), (3, 3)] T
[(1, 1), (3, 1), (3, 3)] T
[(1, 2), (3, 1), (3, 3)] 
[(1, 1), (1, 2), (3, 1), (3, 3)] 
[(1, 3), (3, 1), (3, 3)] S
[(1, 1), (1, 3), (3, 1), (3, 3)] ST
[(1, 2), (1, 3), (3, 1), (3, 3)] 
[(1, 1), (1, 2), (1, 3), (3, 1), (3, 3)] 
[(2, 1), (3, 1), (3, 3)] T
[(1, 1), (2, 1), (3, 1), (3, 3)] T
[(1, 2), (2, 1), (3, 1), (3, 3)] 
[(1, 1), (1, 2), (2, 1), (3, 1), (3, 3)] 
[(1, 3), (2, 1), (3, 1), (3, 3)] 
[(1, 1), (1, 3), (2, 1), (3, 1), (3, 3)] 
[(1, 2), (1, 3), (2, 1), (3, 1), (3, 3)] S
[(1, 1), (1, 2), (1, 3), (2, 1), (3, 1), (3, 3)] S
[(2, 2), (3, 1), (3, 3)] T
[(1, 1), (2, 2), (3, 1), (3, 3)] RT
[(1, 2), (2, 2), (3, 1), (3, 3)] 
[(1, 1), (1, 2), (2, 2), (3, 1), (3, 3)] R
[(1, 3), (2, 2), (3, 1), (3, 3)] S
[(1, 1), (1, 3), (2, 2), (3, 1), (3, 3)] SRTE
[(1, 2), (1, 3), (2, 2), (3, 1), (3, 3)] 
[(1, 1), (1, 2), (1, 3), (2, 2), (3, 1), (3, 3)] R
[(2, 1), (2, 2), (3, 1), (3, 3)] T
[(1, 1), (2, 1), (2, 2), (3, 1), (3, 3)] RT
[(1, 2), (2, 1), (2, 2), (3, 1), (3, 3)] 
[(1, 1), (1, 2), (2, 1), (2, 2), (3, 1), (3, 3)] R
[(1, 3), (2, 1), (2, 2), (3, 1), (3, 3)] 
[(1, 1), (1, 3), (2, 1), (2, 2), (3, 1), (3, 3)] R
[(1, 2), (1, 3), (2, 1), (2, 2), (3, 1), (3, 3)] S
[(1, 1), (1, 2), (1, 3), (2, 1), (2, 2), (3, 1), (3, 3)] SR
[(2, 3), (3, 1), (3, 3)] 
[(1, 1), (2, 3), (3, 1), (3, 3)] 
[(1, 2), (2, 3), (3, 1), (3, 3)] 
[(1, 1), (1, 2), (2, 3), (3, 1), (3, 3)] 
[(1, 3), (2, 3), (3, 1), (3, 3)] 
[(1, 1), (1, 3), (2, 3), (3, 1), (3, 3)] 
[(1, 2), (1, 3), (2, 3), (3, 1), (3, 3)] 
[(1, 1), (1, 2), (1, 3), (2, 3), (3, 1), (3, 3)] 
[(2, 1), (2, 3), (3, 1), (3, 3)] T
[(1, 1), (2, 1), (2, 3), (3, 1), (3, 3)] T
[(1, 2), (2, 1), (2, 3), (3, 1), (3, 3)] 
[(1, 1), (1, 2), (2, 1), (2, 3), (3, 1), (3, 3)] 
[(1, 3), (2, 1), (2, 3), (3, 1), (3, 3)] 
[(1, 1), (1, 3), (2, 1), (2, 3), (3, 1), (3, 3)] T
[(1, 2), (1, 3), (2, 1), (2, 3), (3, 1), (3, 3)] 
[(1, 1), (1, 2), (1, 3), (2, 1), (2, 3), (3, 1), (3, 3)] 
[(2, 2), (2, 3), (3, 1), (3, 3)] 
[(1, 1), (2, 2), (2, 3), (3, 1), (3, 3)] R
[(1, 2), (2, 2), (2, 3), (3, 1), (3, 3)] 
[(1, 1), (1, 2), (2, 2), (2, 3), (3, 1), (3, 3)] R
[(1, 3), (2, 2), (2, 3), (3, 1), (3, 3)] 
[(1, 1), (1, 3), (2, 2), (2, 3), (3, 1), (3, 3)] R
[(1, 2), (1, 3), (2, 2), (2, 3), (3, 1), (3, 3)] 
[(1, 1), (1, 2), (1, 3), (2, 2), (2, 3), (3, 1), (3, 3)] R
[(2, 1), (2, 2), (2, 3), (3, 1), (3, 3)] T
[(1, 1), (2, 1), (2, 2), (2, 3), (3, 1), (3, 3)] RT
[(1, 2), (2, 1), (2, 2), (2, 3), (3, 1), (3, 3)] 
[(1, 1), (1, 2), (2, 1), (2, 2), (2, 3), (3, 1), (3, 3)] R
[(1, 3), (2, 1), (2, 2), (2, 3), (3, 1), (3, 3)] 
[(1, 1), (1, 3), (2, 1), (2, 2), (2, 3), (3, 1), (3, 3)] RT
[(1, 2), (1, 3), (2, 1), (2, 2), (2, 3), (3, 1), (3, 3)] 
[(1, 1), (1, 2), (1, 3), (2, 1), (2, 2), (2, 3), (3, 1), (3, 3)] R
[(3, 2), (3, 3)] T
[(1, 1), (3, 2), (3, 3)] T
[(1, 2), (3, 2), (3, 3)] T
[(1, 1), (1, 2), (3, 2), (3, 3)] T
[(1, 3), (3, 2), (3, 3)] 
[(1, 1), (1, 3), (3, 2), (3, 3)] 
[(1, 2), (1, 3), (3, 2), (3, 3)] T
[(1, 1), (1, 2), (1, 3), (3, 2), (3, 3)] T
[(2, 1), (3, 2), (3, 3)] 
[(1, 1), (2, 1), (3, 2), (3, 3)] 
[(1, 2), (2, 1), (3, 2), (3, 3)] 
[(1, 1), (1, 2), (2, 1), (3, 2), (3, 3)] 
[(1, 3), (2, 1), (3, 2), (3, 3)] 
[(1, 1), (1, 3), (2, 1), (3, 2), (3, 3)] 
[(1, 2), (1, 3), (2, 1), (3, 2), (3, 3)] 
[(1, 1), (1, 2), (1, 3), (2, 1), (3, 2), (3, 3)] 
[(2, 2), (3, 2), (3, 3)] T
[(1, 1), (2, 2), (3, 2), (3, 3)] RT
[(1, 2), (2, 2), (3, 2), (3, 3)] T
[(1, 1), (1, 2), (2, 2), (3, 2), (3, 3)] RT
[(1, 3), (2, 2), (3, 2), (3, 3)] 
[(1, 1), (1, 3), (2, 2), (3, 2), (3, 3)] R
[(1, 2), (1, 3), (2, 2), (3, 2), (3, 3)] T
[(1, 1), (1, 2), (1, 3), (2, 2), (3, 2), (3, 3)] RT
[(2, 1), (2, 2), (3, 2), (3, 3)] 
[(1, 1), (2, 1), (2, 2), (3, 2), (3, 3)] R
[(1, 2), (2, 1), (2, 2), (3, 2), (3, 3)] 
[(1, 1), (1, 2), (2, 1), (2, 2), (3, 2), (3, 3)] R
[(1, 3), (2, 1), (2, 2), (3, 2), (3, 3)] 
[(1, 1), (1, 3), (2, 1), (2, 2), (3, 2), (3, 3)] R
[(1, 2), (1, 3), (2, 1), (2, 2), (3, 2), (3, 3)] 
[(1, 1), (1, 2), (1, 3), (2, 1), (2, 2), (3, 2), (3, 3)] R
[(2, 3), (3, 2), (3, 3)] S
[(1, 1), (2, 3), (3, 2), (3, 3)] S
[(1, 2), (2, 3), (3, 2), (3, 3)] 
[(1, 1), (1, 2), (2, 3), (3, 2), (3, 3)] 
[(1, 3), (2, 3), (3, 2), (3, 3)] 
[(1, 1), (1, 3), (2, 3), (3, 2), (3, 3)] 
[(1, 2), (1, 3), (2, 3), (3, 2), (3, 3)] 
[(1, 1), (1, 2), (1, 3), (2, 3), (3, 2), (3, 3)] 
[(2, 1), (2, 3), (3, 2), (3, 3)] 
[(1, 1), (2, 1), (2, 3), (3, 2), (3, 3)] 
[(1, 2), (2, 1), (2, 3), (3, 2), (3, 3)] S
[(1, 1), (1, 2), (2, 1), (2, 3), (3, 2), (3, 3)] S
[(1, 3), (2, 1), (2, 3), (3, 2), (3, 3)] 
[(1, 1), (1, 3), (2, 1), (2, 3), (3, 2), (3, 3)] 
[(1, 2), (1, 3), (2, 1), (2, 3), (3, 2), (3, 3)] 
[(1, 1), (1, 2), (1, 3), (2, 1), (2, 3), (3, 2), (3, 3)] 
[(2, 2), (2, 3), (3, 2), (3, 3)] ST
[(1, 1), (2, 2), (2, 3), (3, 2), (3, 3)] SRTE
[(1, 2), (2, 2), (2, 3), (3, 2), (3, 3)] 
[(1, 1), (1, 2), (2, 2), (2, 3), (3, 2), (3, 3)] R
[(1, 3), (2, 2), (2, 3), (3, 2), (3, 3)] 
[(1, 1), (1, 3), (2, 2), (2, 3), (3, 2), (3, 3)] R
[(1, 2), (1, 3), (2, 2), (2, 3), (3, 2), (3, 3)] T
[(1, 1), (1, 2), (1, 3), (2, 2), (2, 3), (3, 2), (3, 3)] RT
[(2, 1), (2, 2), (2, 3), (3, 2), (3, 3)] 
[(1, 1), (2, 1), (2, 2), (2, 3), (3, 2), (3, 3)] R
[(1, 2), (2, 1), (2, 2), (2, 3), (3, 2), (3, 3)] S
[(1, 1), (1, 2), (2, 1), (2, 2), (2, 3), (3, 2), (3, 3)] SR
[(1, 3), (2, 1), (2, 2), (2, 3), (3, 2), (3, 3)] 
[(1, 1), (1, 3), (2, 1), (2, 2), (2, 3), (3, 2), (3, 3)] R
[(1, 2), (1, 3), (2, 1), (2, 2), (2, 3), (3, 2), (3, 3)] 
[(1, 1), (1, 2), (1, 3), (2, 1), (2, 2), (2, 3), (3, 2), (3, 3)] R
[(3, 1), (3, 2), (3, 3)] T
[(1, 1), (3, 1), (3, 2), (3, 3)] T
[(1, 2), (3, 1), (3, 2), (3, 3)] T
[(1, 1), (1, 2), (3, 1), (3, 2), (3, 3)] T
[(1, 3), (3, 1), (3, 2), (3, 3)] 
[(1, 1), (1, 3), (3, 1), (3, 2), (3, 3)] 
[(1, 2), (1, 3), (3, 1), (3, 2), (3, 3)] 
[(1, 1), (1, 2), (1, 3), (3, 1), (3, 2), (3, 3)] T
[(2, 1), (3, 1), (3, 2), (3, 3)] T
[(1, 1), (2, 1), (3, 1), (3, 2), (3, 3)] T
[(1, 2), (2, 1), (3, 1), (3, 2), (3, 3)] 
[(1, 1), (1, 2), (2, 1), (3, 1), (3, 2), (3, 3)] 
[(1, 3), (2, 1), (3, 1), (3, 2), (3, 3)] 
[(1, 1), (1, 3), (2, 1), (3, 1), (3, 2), (3, 3)] 
[(1, 2), (1, 3), (2, 1), (3, 1), (3, 2), (3, 3)] 
[(1, 1), (1, 2), (1, 3), (2, 1), (3, 1), (3, 2), (3, 3)] 
[(2, 2), (3, 1), (3, 2), (3, 3)] T
[(1, 1), (2, 2), (3, 1), (3, 2), (3, 3)] RT
[(1, 2), (2, 2), (3, 1), (3, 2), (3, 3)] T
[(1, 1), (1, 2), (2, 2), (3, 1), (3, 2), (3, 3)] RT
[(1, 3), (2, 2), (3, 1), (3, 2), (3, 3)] 
[(1, 1), (1, 3), (2, 2), (3, 1), (3, 2), (3, 3)] R
[(1, 2), (1, 3), (2, 2), (3, 1), (3, 2), (3, 3)] 
[(1, 1), (1, 2), (1, 3), (2, 2), (3, 1), (3, 2), (3, 3)] RT
[(2, 1), (2, 2), (3, 1), (3, 2), (3, 3)] T
[(1, 1), (2, 1), (2, 2), (3, 1), (3, 2), (3, 3)] RT
[(1, 2), (2, 1), (2, 2), (3, 1), (3, 2), (3, 3)] 
[(1, 1), (1, 2), (2, 1), (2, 2), (3, 1), (3, 2), (3, 3)] RT
[(1, 3), (2, 1), (2, 2), (3, 1), (3, 2), (3, 3)] 
[(1, 1), (1, 3), (2, 1), (2, 2), (3, 1), (3, 2), (3, 3)] R
[(1, 2), (1, 3), (2, 1), (2, 2), (3, 1), (3, 2), (3, 3)] 
[(1, 1), (1, 2), (1, 3), (2, 1), (2, 2), (3, 1), (3, 2), (3, 3)] R
[(2, 3), (3, 1), (3, 2), (3, 3)] 
[(1, 1), (2, 3), (3, 1), (3, 2), (3, 3)] 
[(1, 2), (2, 3), (3, 1), (3, 2), (3, 3)] 
[(1, 1), (1, 2), (2, 3), (3, 1), (3, 2), (3, 3)] 
[(1, 3), (2, 3), (3, 1), (3, 2), (3, 3)] S
[(1, 1), (1, 3), (2, 3), (3, 1), (3, 2), (3, 3)] S
[(1, 2), (1, 3), (2, 3), (3, 1), (3, 2), (3, 3)] 
[(1, 1), (1, 2), (1, 3), (2, 3), (3, 1), (3, 2), (3, 3)] 
[(2, 1), (2, 3), (3, 1), (3, 2), (3, 3)] 
[(1, 1), (2, 1), (2, 3), (3, 1), (3, 2), (3, 3)] 
[(1, 2), (2, 1), (2, 3), (3, 1), (3, 2), (3, 3)] 
[(1, 1), (1, 2), (2, 1), (2, 3), (3, 1), (3, 2), (3, 3)] 
[(1, 3), (2, 1), (2, 3), (3, 1), (3, 2), (3, 3)] 
[(1, 1), (1, 3), (2, 1), (2, 3), (3, 1), (3, 2), (3, 3)] 
[(1, 2), (1, 3), (2, 1), (2, 3), (3, 1), (3, 2), (3, 3)] S
[(1, 1), (1, 2), (1, 3), (2, 1), (2, 3), (3, 1), (3, 2), (3, 3)] S
[(2, 2), (2, 3), (3, 1), (3, 2), (3, 3)] 
[(1, 1), (2, 2), (2, 3), (3, 1), (3, 2), (3, 3)] R
[(1, 2), (2, 2), (2, 3), (3, 1), (3, 2), (3, 3)] 
[(1, 1), (1, 2), (2, 2), (2, 3), (3, 1), (3, 2), (3, 3)] R
[(1, 3), (2, 2), (2, 3), (3, 1), (3, 2), (3, 3)] S
[(1, 1), (1, 3), (2, 2), (2, 3), (3, 1), (3, 2), (3, 3)] SR
[(1, 2), (1, 3), (2, 2), (2, 3), (3, 1), (3, 2), (3, 3)] 
[(1, 1), (1, 2), (1, 3), (2, 2), (2, 3), (3, 1), (3, 2), (3, 3)] R
[(2, 1), (2, 2), (2, 3), (3, 1), (3, 2), (3, 3)] T
[(1, 1), (2, 1), (2, 2), (2, 3), (3, 1), (3, 2), (3, 3)] RT
[(1, 2), (2, 1), (2, 2), (2, 3), (3, 1), (3, 2), (3, 3)] 
[(1, 1), (1, 2), (2, 1), (2, 2), (2, 3), (3, 1), (3, 2), (3, 3)] R
[(1, 3), (2, 1), (2, 2), (2, 3), (3, 1), (3, 2), (3, 3)] 
[(1, 1), (1, 3), (2, 1), (2, 2), (2, 3), (3, 1), (3, 2), (3, 3)] R
[(1, 2), (1, 3), (2, 1), (2, 2), (2, 3), (3, 1), (3, 2), (3, 3)] S
[(1, 1), (1, 2), (1, 3), (2, 1), (2, 2), (2, 3), (3, 1), (3, 2), (3, 3)] SRTE
